   1.2500000e+00   2.0000000e+00   8.8713387e+00   2.5275401e+01   0.0000000e+00
   7.4666667e+00   1.1133333e+01   4.5022843e+00   1.1823282e+01   0.0000000e+00
   6.0000000e+00   2.4000000e+01   8.6773558e+00   2.8223096e+01   0.0000000e+00
   6.5000000e+00   4.9500000e+01   4.3533009e+00   1.4980551e+01   0.0000000e+00
   8.0000000e+00   3.1000000e+01   5.5808817e+00   1.4168421e+01   0.0000000e+00
   9.0000000e+00   7.9000000e+01   6.4060080e+00   2.0438442e+01   0.0000000e+00
   1.1500000e+01   1.2000000e+02   4.6389452e+00   1.6450847e+01   0.0000000e+00
   1.3500000e+01   7.6000000e+01   5.0444603e+00   1.8170163e+01   0.0000000e+00
   1.7700000e+01   4.8300000e+01   4.9961009e+00   1.6172267e+01   0.0000000e+00
   1.7500000e+01   9.2500000e+01   4.4990265e+00   8.6128351e+00   0.0000000e+00
   1.7000000e+01   1.1300000e+02   6.8803028e+00   1.9835023e+01   0.0000000e+00
   2.0700000e+01   2.2700000e+01   4.9066971e+00   1.8730899e+01   0.0000000e+00
   2.0700000e+01   1.0570000e+02   4.4516502e+00   1.0593480e+01   0.0000000e+00
   2.3300000e+01   5.6700000e+01   4.9206855e+00   8.8750392e+00   0.0000000e+00
   2.3000000e+01   8.3000000e+01   5.0368827e+00   1.2212932e+01   0.0000000e+00
   2.3700000e+01   1.1730000e+02   5.5807260e+00   1.2733504e+01   0.0000000e+00
   2.6300000e+01   4.3000000e+00   8.7295187e+00   2.2113194e+01   0.0000000e+00
   2.8000000e+01   1.0300000e+02   1.4766742e+01   7.7553929e+01   0.0000000e+00
   2.8000000e+01   1.1400000e+02   6.5012231e+00   1.5321640e+01   0.0000000e+00
   2.9000000e+01   9.4000000e+01   5.9415029e+00   1.6198144e+01   0.0000000e+00
   3.2500000e+01   2.2500000e+01   4.4273362e+00   1.0879289e+01   0.0000000e+00
   3.2700000e+01   4.1300000e+01   4.9212742e+00   9.7677065e+00   0.0000000e+00
   3.2875000e+01   6.6625000e+01   4.9761353e+00   1.5159740e+01   0.0000000e+00
   3.3000000e+01   7.0000000e+00   4.5042439e+00   1.0676048e+01   0.0000000e+00
   3.8500000e+01   4.5000000e+01   5.5393465e+00   1.4785906e+01   0.0000000e+00
   3.9000000e+01   5.5000000e+00   4.7296661e+00   1.1712819e+01   0.0000000e+00
   4.0000000e+01   9.2500000e+01   4.7480508e+00   1.1577776e+01   0.0000000e+00
   4.3500000e+01   3.1500000e+01   6.0597498e+00   2.0794587e+01   0.0000000e+00
   4.4500000e+01   2.2500000e+01   5.3112775e+00   1.3655720e+01   0.0000000e+00
   4.5000000e+01   4.4000000e+01   4.8018850e+00   1.3495176e+01   0.0000000e+00
   4.5000000e+01   8.6000000e+01   5.0491645e+00   1.2938315e+01   0.0000000e+00
   4.8700000e+01   9.1700000e+01   4.0767038e+00   8.9865983e+00   0.0000000e+00
   4.8000000e+01   1.1400000e+02   7.2353549e+00   2.1272976e+01   0.0000000e+00
   4.9000000e+01   1.0700000e+02   5.6829412e+00   2.2335456e+01   0.0000000e+00
   5.0000000e+01   1.8000000e+01   4.3997351e+00   1.3543873e+01   0.0000000e+00
   5.0000000e+01   1.1750000e+02   6.9109270e+00   1.7266011e+01   0.0000000e+00
   5.1500000e+01   6.0000000e+01   4.4995972e+00   9.0513928e+00   0.0000000e+00
   5.1000000e+01   6.7000000e+01   4.6105619e+00   1.2912490e+01   0.0000000e+00
   5.3500000e+01   3.9000000e+01   4.5950876e+00   1.1193692e+01   0.0000000e+00
   5.3000000e+01   9.7500000e+01   5.1543330e+00   1.1778538e+01   0.0000000e+00
   5.3000000e+01   1.1150000e+02   5.1121277e+00   1.6591258e+01   0.0000000e+00
   5.5000000e+01   7.1500000e+01   4.9603061e+00   1.3421690e+01   0.0000000e+00
   5.6000000e+01   3.3000000e+01   5.1406967e+00   1.7896609e+01   0.0000000e+00
   5.7500000e+01   5.6000000e+01   6.1981821e+00   1.8991260e+01   0.0000000e+00
   5.8500000e+01   2.4500000e+01   5.8010674e+00   1.1766262e+01   0.0000000e+00
   6.0500000e+01   7.3500000e+01   5.0345788e+00   1.0368033e+01   0.0000000e+00
   6.2000000e+01   3.1500000e+01   5.0750302e+00   1.2529960e+01   0.0000000e+00
   6.2700000e+01   9.3300000e+01   5.0589050e+00   1.0014571e+01   0.0000000e+00
   6.3000000e+01   1.0600000e+02   6.2521337e+00   2.2493350e+01   0.0000000e+00
   6.5000000e+01   3.8000000e+01   5.2641377e+00   1.0509344e+01   0.0000000e+00
   6.5500000e+01   5.0500000e+01   5.2774237e+00   1.2866562e+01   0.0000000e+00
   6.8500000e+01   8.8000000e+01   6.0442189e+00   1.6341955e+01   0.0000000e+00
   6.8500000e+01   1.1250000e+02   4.0522209e+00   1.1801992e+01   0.0000000e+00
   6.9700000e+01   3.8700000e+01   4.5625669e+00   1.3326916e+01   0.0000000e+00
   7.0500000e+01   6.7000000e+01   4.5201491e+00   7.7668614e+00   0.0000000e+00
   7.2000000e+01   6.0000000e+01   4.4178494e+00   1.1224345e+01   0.0000000e+00
   7.4166667e+01   1.3277778e+01   4.7269481e+00   1.2665002e+01   0.0000000e+00
   7.3500000e+01   7.2000000e+01   5.7783932e+00   1.4644769e+01   0.0000000e+00
   7.4300000e+01   2.5700000e+01   4.8094614e+00   1.1323706e+01   0.0000000e+00
   7.4000000e+01   1.1000000e+02   5.3118021e+00   8.7852556e+00   0.0000000e+00
   7.7000000e+01   5.5000000e+01   5.4380865e+00   1.4702619e+01   0.0000000e+00
   7.7300000e+01   6.2300000e+01   6.2677768e+00   1.5866992e+01   0.0000000e+00
   7.9000000e+01   8.9000000e+01   4.1134339e+00   7.9152489e+00   0.0000000e+00
   8.0300000e+01   9.5700000e+01   5.4339456e+00   1.7996332e+01   0.0000000e+00
   8.2000000e+01   4.2500000e+01   4.9660942e+00   1.3335347e+01   0.0000000e+00
   8.3500000e+01   2.7500000e+01   4.5143770e+00   1.4036204e+01   0.0000000e+00
   8.5700000e+01   9.2300000e+01   4.8398677e+00   1.4702700e+01   0.0000000e+00
   8.5785714e+01   9.7642857e+01   5.7582238e+00   1.2888467e+01   0.0000000e+00
   8.5000000e+01   1.1800000e+02   4.2524070e+00   1.1140924e+01   0.0000000e+00
   8.7000000e+01   9.5000000e+00   4.4092260e+00   1.2587575e+01   0.0000000e+00
   8.6000000e+01   1.0600000e+02   9.3854829e+00   3.4688894e+01   0.0000000e+00
   9.1000000e+01   7.6000000e+01   5.3057710e+00   1.1923823e+01   0.0000000e+00
   9.4500000e+01   1.0600000e+02   4.7450587e+00   1.1065751e+01   0.0000000e+00
   9.8000000e+01   1.2500000e+02   5.7306006e+00   1.8532064e+01   0.0000000e+00
   9.9700000e+01   6.5700000e+01   4.8097184e+00   1.6072084e+01   0.0000000e+00
   1.0050000e+02   1.0150000e+02   5.6323155e+00   1.4376556e+01   0.0000000e+00
   1.0400000e+02   1.7000000e+01   4.6867685e+00   1.4485545e+01   0.0000000e+00
   1.0500000e+02   4.8000000e+01   4.7309550e+00   2.2795608e+01   0.0000000e+00
   1.0535714e+02   7.4214286e+01   4.2772959e+00   1.7381081e+01   0.0000000e+00
   1.0600000e+02   9.5000000e+00   5.5094490e+00   1.4100959e+01   0.0000000e+00
   1.0650000e+02   1.1050000e+02   4.9440450e+00   1.3601736e+01   0.0000000e+00
   1.0750000e+02   5.3000000e+01   4.5954725e+00   1.5876179e+01   0.0000000e+00
   1.0850000e+02   9.3500000e+01   4.7517317e+00   8.5738237e+00   0.0000000e+00
   1.0850000e+02   1.1700000e+02   4.9820971e+00   1.5816296e+01   0.0000000e+00
   1.1000000e+02   1.8500000e+01   5.8214166e+00   1.7459533e+01   0.0000000e+00
   1.1000000e+02   3.6000000e+01   5.4309978e+00   1.4361879e+01   0.0000000e+00
   1.1100000e+02   7.7000000e+01   4.3914412e+00   1.3801726e+01   0.0000000e+00
   1.1400000e+02   7.0000000e+00   5.9088130e+00   1.0555595e+01   0.0000000e+00
   1.1200000e+02   1.4500000e+01   6.1788287e+00   1.2627822e+01   0.0000000e+00
   1.1230000e+02   8.4300000e+01   6.6458860e+00   1.6142899e+01   0.0000000e+00
   1.1670000e+02   6.0700000e+01   4.1422995e+00   1.0092127e+01   0.0000000e+00
   1.1730000e+02   1.5700000e+01   4.3515638e+00   1.0814933e+01   0.0000000e+00
   1.1700000e+02   3.5000000e+01   6.0758610e+00   1.6067009e+01   0.0000000e+00
   1.1850000e+02   8.6500000e+01   5.5241050e+00   1.2906956e+01   0.0000000e+00
   1.2000000e+02   1.1100000e+02   4.7669316e+00   1.2376448e+01   0.0000000e+00
   1.2164706e+02   1.1800000e+02   4.9220232e+00   1.8824324e+01   0.0000000e+00
   1.2200000e+02   6.3000000e+01   3.9567321e+00   8.8358649e+00   0.0000000e+00
   1.2400000e+02   8.8833333e+01   5.2334083e+00   1.7203497e+01   0.0000000e+00
   1.2575000e+02   4.6000000e+01   4.6752191e+00   1.2693033e+01   0.0000000e+00
   1.2575000e+02   1.2300000e+02   4.7158777e+00   1.0791657e+01   0.0000000e+00
