   7.0526316e+00   1.1210526e+01   6.6055284e+00   2.2553178e+01   0.0000000e+00
   6.0000000e+00   2.4000000e+01   5.8158513e+00   1.4936756e+01   0.0000000e+00
   6.5000000e+00   4.9500000e+01   5.3817110e+00   2.0475472e+01   0.0000000e+00
   8.0000000e+00   3.1000000e+01   6.7042349e+00   1.9250168e+01   0.0000000e+00
   1.1880000e+01   7.7280000e+01   9.3250178e+00   2.5789112e+01   0.0000000e+00
   9.5000000e+00   1.1500000e+02   5.3953233e+00   1.1231952e+01   0.0000000e+00
   1.1500000e+01   1.1950000e+02   6.2181258e+00   1.8755353e+01   0.0000000e+00
   1.7500000e+01   9.2000000e+01   8.2737354e+00   1.9580564e+01   0.0000000e+00
   1.7785714e+01   4.8357143e+01   5.4734871e+00   1.5055367e+01   0.0000000e+00
   1.7000000e+01   1.1300000e+02   6.2978796e+00   1.9369377e+01   0.0000000e+00
   2.0700000e+01   2.2700000e+01   5.6250082e+00   2.1937823e+01   0.0000000e+00
   2.0700000e+01   1.0530000e+02   6.4152104e+00   1.5977597e+01   0.0000000e+00
   2.3500000e+01   5.7000000e+01   4.4840159e+00   9.1203950e+00   0.0000000e+00
   2.3000000e+01   8.3000000e+01   5.1976319e+00   1.2167704e+01   0.0000000e+00
   2.4000000e+01   1.1750000e+02   5.7487311e+00   1.5892306e+01   0.0000000e+00
   2.6500000e+01   4.5000000e+00   5.7460527e+00   1.4867796e+01   0.0000000e+00
   2.9000000e+01   9.4000000e+01   6.6734015e+00   1.9041072e+01   0.0000000e+00
   3.2214286e+01   2.2642857e+01   5.6085624e+00   1.6036358e+01   0.0000000e+00
   3.2750000e+01   6.7642857e+01   5.7371279e+00   1.9542312e+01   0.0000000e+00
   3.3000000e+01   7.0000000e+00   5.1450172e+00   1.1509001e+01   0.0000000e+00
   3.3000000e+01   4.1000000e+01   5.7419664e+00   1.4932594e+01   0.0000000e+00
   3.8500000e+01   6.0000000e+00   5.1021980e+00   1.2773050e+01   0.0000000e+00
   3.8500000e+01   4.5000000e+01   6.5567452e+00   1.7351951e+01   0.0000000e+00
   3.9500000e+01   9.2500000e+01   6.3965790e+00   1.3250168e+01   0.0000000e+00
   4.4000000e+01   3.1500000e+01   5.8584690e+00   2.1310803e+01   0.0000000e+00
   4.5000000e+01   2.2500000e+01   5.3378946e+00   1.4050664e+01   0.0000000e+00
   4.5000000e+01   4.4000000e+01   4.7990197e+00   1.2886129e+01   0.0000000e+00
   4.5000000e+01   8.6500000e+01   6.2664620e+00   1.5211146e+01   0.0000000e+00
   4.8500000e+01   8.9600000e+01   9.2522309e+00   2.3481100e+01   0.0000000e+00
   5.0934783e+01   1.1378261e+02   1.0019788e+01   3.3272384e+01   0.0000000e+00
   4.9500000e+01   1.0750000e+02   6.8195006e+00   1.6936239e+01   0.0000000e+00
   5.0000000e+01   1.8000000e+01   4.8077734e+00   1.3818407e+01   0.0000000e+00
   5.1500000e+01   6.0000000e+01   4.8292453e+00   8.9556841e+00   0.0000000e+00
   5.1000000e+01   6.7000000e+01   6.1888565e+00   1.7871234e+01   0.0000000e+00
   5.3500000e+01   3.9000000e+01   5.3617218e+00   1.2448610e+01   0.0000000e+00
   5.3000000e+01   9.7500000e+01   6.1531863e+00   1.5005233e+01   0.0000000e+00
   5.5300000e+01   7.1700000e+01   5.1518781e+00   1.2203620e+01   0.0000000e+00
   5.6500000e+01   3.3000000e+01   4.7611769e+00   1.1568770e+01   0.0000000e+00
   5.7500000e+01   5.6000000e+01   7.1974491e+00   2.3299246e+01   0.0000000e+00
   5.9625000e+01   2.8150000e+01   1.2989082e+01   4.5550619e+01   0.0000000e+00
   6.0500000e+01   7.3500000e+01   5.8203702e+00   1.3847927e+01   0.0000000e+00
   6.2700000e+01   9.3300000e+01   6.0131816e+00   1.2753777e+01   0.0000000e+00
   6.3000000e+01   1.0600000e+02   5.6589816e+00   1.9374320e+01   0.0000000e+00
   6.7900000e+01   3.8300000e+01   9.4100500e+00   2.3588693e+01   0.0000000e+00
   6.5500000e+01   5.0500000e+01   6.5155487e+00   1.9024243e+01   0.0000000e+00
   6.8000000e+01   1.1250000e+02   6.4108144e+00   2.1289597e+01   0.0000000e+00
   6.8500000e+01   8.8000000e+01   6.8443112e+00   1.9948907e+01   0.0000000e+00
   7.2000000e+01   6.0000000e+01   5.6923735e+00   1.3382601e+01   0.0000000e+00
   7.4629630e+01   1.2222222e+01   7.3670077e+00   2.7065103e+01   0.0000000e+00
   7.3500000e+01   7.2000000e+01   6.2473219e+00   1.5935848e+01   0.0000000e+00
   7.4142857e+01   1.0976190e+02   7.0260685e+00   1.9068642e+01   0.0000000e+00
   7.4300000e+01   2.5700000e+01   5.6161626e+00   1.4365162e+01   0.0000000e+00
   7.7000000e+01   5.5000000e+01   5.1911346e+00   1.2436157e+01   0.0000000e+00
   7.7500000e+01   6.2500000e+01   5.2311706e+00   1.1042530e+01   0.0000000e+00
   7.8000000e+01   8.8000000e+01   7.5165251e+00   2.3831833e+01   0.0000000e+00
   8.4363636e+01   9.5618182e+01   9.4363858e+00   3.9425666e+01   0.0000000e+00
   8.1700000e+01   4.2300000e+01   6.8979379e+00   1.9573394e+01   0.0000000e+00
   8.3500000e+01   2.7000000e+01   6.5718154e+00   2.3126341e+01   0.0000000e+00
   8.4500000e+01   1.1800000e+02   5.5218342e+00   1.2851032e+01   0.0000000e+00
   8.7000000e+01   9.5000000e+00   5.5210725e+00   1.8488601e+01   0.0000000e+00
   8.6000000e+01   1.0600000e+02   1.0784955e+01   4.5622883e+01   0.0000000e+00
   9.0769231e+01   7.6230769e+01   6.1889761e+00   1.5379885e+01   0.0000000e+00
   9.4500000e+01   1.0600000e+02   5.2638627e+00   1.2287739e+01   0.0000000e+00
   9.6578947e+01   1.2473684e+02   1.0674013e+01   3.6353199e+01   0.0000000e+00
   9.9700000e+01   6.5700000e+01   5.5610502e+00   1.9571434e+01   0.0000000e+00
   1.0113333e+02   1.0080000e+02   7.4939908e+00   1.5530142e+01   0.0000000e+00
   1.0350000e+02   1.7000000e+01   6.7293158e+00   1.8533208e+01   0.0000000e+00
   1.0572222e+02   5.0083333e+01   5.5451455e+00   1.9227800e+01   0.0000000e+00
   1.0550000e+02   7.4000000e+01   5.8014162e+00   2.1359545e+01   0.0000000e+00
   1.0600000e+02   9.0000000e+00   7.1795944e+00   2.7444538e+01   0.0000000e+00
   1.0700000e+02   1.1050000e+02   5.1596402e+00   1.4962188e+01   0.0000000e+00
   1.0850000e+02   9.3500000e+01   5.8916463e+00   1.2235867e+01   0.0000000e+00
   1.0900000e+02   1.1700000e+02   5.0170361e+00   1.2442201e+01   0.0000000e+00
   1.1337500e+02   1.6375000e+01   9.2584972e+00   2.6778361e+01   0.0000000e+00
   1.1000000e+02   3.6000000e+01   5.9062295e+00   1.4822280e+01   0.0000000e+00
   1.1050000e+02   7.7000000e+01   5.2348996e+00   1.2671016e+01   0.0000000e+00
   1.1400000e+02   7.0000000e+00   7.4336077e+00   2.1333229e+01   0.0000000e+00
   1.1909524e+02   8.7126984e+01   9.9858305e+00   3.2475566e+01   0.0000000e+00
   1.1650000e+02   6.1000000e+01   5.5266264e+00   1.4635783e+01   0.0000000e+00
   1.1700000e+02   3.5000000e+01   6.6971852e+00   1.7829531e+01   0.0000000e+00
   1.2030000e+02   1.1070000e+02   5.2177371e+00   1.3686608e+01   0.0000000e+00
   1.2131250e+02   1.1862500e+02   6.0061166e+00   2.3766734e+01   0.0000000e+00
   1.2100000e+02   6.3000000e+01   5.3269739e+00   1.4415397e+01   0.0000000e+00
   1.2566667e+02   1.3333333e+00   3.4584048e+00   8.5477549e+00   0.0000000e+00
   1.2575000e+02   4.5000000e+01   7.7643014e+00   2.7971202e+01   0.0000000e+00
